# Created by Octave 4.2.0, Tue Mar 21 23:34:02 2017 GMT <unknown@unknown>
# name: coeff
# type: scalar struct
# ndims: 2
 1 1
# length: 9
# name: interior_panel
# type: matrix
# rows: 1
# columns: 2
 1 2


# name: one_short_edge_contiouous
# type: matrix
# rows: 1
# columns: 2
 3 4


# name: one_long_edge_continuous
# type: matrix
# rows: 1
# columns: 2
 5 6


# name: two_adjacent_edge_continuous
# type: matrix
# rows: 1
# columns: 2
 7 8


# name: two_short_edge_discontinuous
# type: matrix
# rows: 1
# columns: 2
 9 10


# name: two_long_edge_discontinuous
# type: matrix
# rows: 1
# columns: 2
 11 12


# name: three_edges_discontinuous
# type: matrix
# rows: 1
# columns: 2
 13 14


# name: three_edges_discontinuous_short_continuous
# type: matrix
# rows: 1
# columns: 2
 15 16


# name: four_edgesz_discontinuous
# type: matrix
# rows: 1
# columns: 2
 17 18




# name: moment_coefficient
# type: matrix
# rows: 18
# columns: 10
 0 1 1.1 1.2 1.3 1.4 1.5 1.75 2 10
 1 0.032 0.037 0.043 0.047 0.051 0.053 0.06 0.065 0.032
 2 0.024 0.028 0.032 0.036 0.039 0.041 0.045 0.049 0.024
 3 0.037 0.043 0.048 0.051 0.055 0.057 0.064 0.068 0.037
 4 0.028 0.032 0.036 0.039 0.041 0.044 0.048 0.052 0.028
 5 0.037 0.044 0.052 0.057 0.063 0.067 0.077 0.08500000000000001 0.037
 6 0.028 0.033 0.039 0.044 0.047 0.051 0.059 0.065 0.028
 7 0.047 0.053 0.06 0.065 0.07099999999999999 0.075 0.08400000000000001 0.091 0.047
 8 0.035 0.04 0.045 0.049 0.053 0.056 0.063 0.06900000000000001 0.035
 9 0.045 0.049 0.052 0.056 0.059 0.06 0.065 0.06900000000000001 0
 10 0.035 0.037 0.04 0.043 0.044 0.045 0.049 0.052 0.035
 11 0 0 0 0 0 0 0 0 0.045
 12 0.035 0.043 0.051 0.057 0.063 0.068 0.08 0.08799999999999999 0.035
 13 0.057 0.064 0.07099999999999999 0.076 0.08 0.08400000000000001 0.091 0.097 0
 14 0.043 0.048 0.053 0.057 0.06 0.064 0.06900000000000001 0.073 0.043
 15 0 0 0 0 0 0 0 0 0.057
 16 0.043 0.051 0.059 0.065 0.07099999999999999 0.076 0.08699999999999999 0.096 0.043
 17 0.056 0.064 0.07199999999999999 0.079 0.08500000000000001 0.089 0.1 0.107 0.056


