# Created by Octave 4.2.0, Wed Mar 22 22:33:55 2017 GMT <unknown@unknown>
# name: ans
# type: scalar
0


# name: slab
# type: scalar struct
# ndims: 2
 1 1
# length: 10
# name: fy
# type: scalar
415


# name: fck
# type: scalar
20


# name: width
# type: scalar
8000


# name: length
# type: scalar
5000


# name: liveLoad
# type: scalar
4


# name: floorLoad
# type: scalar
1


# name: supportWidth
# type: scalar
250


# name: clearCover
# type: scalar
15


# name: mainDia
# type: scalar
10


# name: coeff
# type: matrix
# rows: 1
# columns: 2
 1 2




