# Created by Octave 4.2.0, Sun Mar 05 23:30:14 2017 GMT <unknown@unknown>
# name: ans
# type: scalar
0


# name: slab
# type: scalar struct
# ndims: 2
 1 1
# length: 9
# name: fy
# type: scalar
415


# name: fck
# type: scalar
20


# name: width
# type: scalar
8000


# name: length
# type: scalar
3500


# name: liveLoad
# type: scalar
4


# name: floorLoad
# type: scalar
1


# name: supportWidth
# type: scalar
250


# name: clearCover
# type: scalar
15


# name: mainDia
# type: scalar
10




